-0.015090760547795195
0.561389899260386
0.6840691129493183
0.6194078515634758
0.46642534393777535
0.20055695199507054
0.507121670163673
0.6647683233989471
0.48576385591955723
0.3724208555502254
0.28781058097945117
0.6514033687088485
0.6431097347075965
-0.39790739745344744
0.048913487780907906
0.19432006542264435
0.5690980809733837
0.5165464544726014
0.11430408210933618
0.5079393632946315
0.6394082785555226
0.5481344857499076
0.4738951220746117
-0.005173460109828901
0.5640155958665718
0.7693097946614881
0.5371883965082735
0.6488989326081459
0.43461900145070276
0.27736784499336753
0.690028449247243
0.7772340361890492
0.094562530779877
0.38886106653883457
0.12573013660232152
0.40601996059700957
0.24798103253685447
0.4530940994629078
0.6937484881928699
0.6467247014757388
0.41047138574858605
0.16475127359011868
-0.11151844569699448
0.5676585140865106
0.14165749699434685
0.4458293343095518
0.49979878293165303
0.7074524528008658
0.3574930787711454
0.3009904727050778
-0.124075457634692
0.32557231330773895
0.7875832744476329
0.6653087087418101
0.5622800907842146
0.32192368183071535
0.4735254006445627
0.08440787754420957
0.7865341302888597
0.40747340467641013
0.35835695563497055
0.5350336822615215
0.6098645526627159
0.571064821367628
0.32551187546829086
0.8101174873167161
0.41037267422935403
0.32400164262371384
0.5863361143777044
0.4767915840842688
0.38816270641841094
-0.34985627173406714
0.5011094895050797
0.644412036615446
0.5949560343539125
0.45527671294594135
0.5713219142136549
0.48846719360826385
0.7152919255866244
0.5340828039459362
0.3670890971543343
0.6470503656108237
0.43296849642716995
0.20132637581512214
0.3618041465871092
0.6035770377196142
0.3657070195627514
0.5533369929828242
0.6333190625749766
0.16066490930187316
0.4554798106649116
0.4703905938220132
0.4093581896801453
0.5189276764178535
0.7534945495673003
0.43421995213110287
0.42827830894269625
0.756497319873512
0.7922733332658078
0.23991557168898323
0.7296109778567326
0.3046401569526915
0.47049133370397506
0.6467521526204217
0.6030125677052935
0.3017749518192745
0.45885967109129083
0.05835070485361284
0.3525157609790924
0.5998238020878985
0.7508680190541464
0.4603805287243747
0.44221833678965394
0.24599136566694665
0.1506797600890396
0.37036416551769674
0.5667380493740185
0.3733325682014193
0.34684901517205036
0.4250289167502646
0.36663708857478194
0.6475153073793868
0.5460683464083468
0.7297508937447637
0.46740414769170485
0.6451471941281305
0.34372772381993677
0.6685415251007796
0.6055832904433207
0.5632411648437131
0.660806877818343
0.4403238865169162
0.7598495709444647
0.6972646053108039
0.6323221582560796
0.3244846691312753
0.5764665623609551
0.26822036533348687
0.683565449399351
0.6418075673083277
0.5571701898012809
0.6038468600173574
0.4133928199635175
0.6925099288053742
0.551223756168903
0.3779051540396123
0.050050972015087354
0.3899571674120171
0.3888497135241448
0.7675955759462443
0.0296473823440432
0.5700850008215981
0.4508114215209088
0.5633247852296797
0.5139058225054074
0.4453289156800611
0.5350508240750195
0.4374157065436389
0.7036122923249684
0.45108170553367943
0.5343314032540828
0.4897326316905974
0.23252302526807042
0.33208574791061
0.6466327677566578
0.6233806697819854
0.6302024345802772
0.4292913421561665
0.6251900349485631
0.10457775845742566
0.5239555968017534
0.2115699719927108
0.29919407852278035
0.49411683070787654
0.842220275462866
0.5417873978334282
0.60542555046234
0.5915837275130249
0.62993367026153
0.5805787699304633
0.4732879929838581
0.6169934013141215
0.48606681575400357
0.5897492377585372
0.588184116110917
0.8059792687027374
0.3913192186046182
0.7719036884844049
0.6328142773384243
0.493638180983863
0.32456231509896144
0.6265163589490261
0.5705020094163337
0.39558453300230195
0.7033410479665878
0.7866504101058478
0.7491011984289361
0.6625022950711459
0.5889748676681881
-0.337856101456121
0.5667696600506239
0.758234872005063
0.5958215192361906
0.5869656812988704
0.013325972174909726
0.44138902485902426
0.2764504107174711
0.41006869864200046
0.4199321230297078
0.5555817147506298
0.5618469765482512
0.6226349791558696
0.7206460689231078
0.6276848237885039
0.48444128863610847
0.5042492006856074
0.46614733142645776
0.2908009800153843
0.38853840197490297
0.09783343205029989
0.8524832020737932
0.24968394305114697
0.22545408009019305
0.1356458466270255
0.2017860656630333
0.31149364976598864
0.817723486322701
0.5738266452678769
0.5257363809312066
0.48397034651736714
0.4303459257326563
0.6471198789830217
0.48417946496420083
0.4147304012462035
0.5063030552517801
0.4706545071367902
0.3538402730170595
0.638760799714636
0.5493889210660338
0.30628903380033456
0.36055787760887936
0.38751667320555994
0.4717041507301971
0.4952104967332641
0.6867604664128105
0.35675492073618253
0.6870329993030079
-0.4330064350752971
0.4439331404306337
0.44999476412878325
0.744286101745436
0.7559858957277653
0.5034281159489553
0.06382837240719119
0.26572430601253916
0.7342788081907047
0.3824552558594516
0.14903101061239585
0.6182697597963241
0.4229636221737287
0.6869090852298769
0.8482427989493039
0.440142998346553
0.41275879571361596
0.41162022405652315
0.5235671520892926
0.5623979856354366
0.7042817139938898
0.4973503013299046
0.36128923947458297
0.6080516449511058
0.6572957598782434
0.4320217560190751
0.7047209734641524
0.6295528132719111
0.6120790393154203
0.7468159889726304
0.3423757224876378
0.6340700067099035
0.5468892035204886
-0.44864345214098666
0.4163345602865611
0.33365173612547616
0.6165085227478125
0.1701911978893151
0.5673850615642106
0.5360931200563693
0.45672801836487553
0.3345456942466668
0.7355512613777504
0.5459590193990052
0.6150554976180267
0.651896685887656
0.574275835866452
0.8171683982701998
0.6433239852931055
0.26940142439067244
0.570278293119446
0.5076576950975034
0.7791044050355131
0.4591192149020117
0.39513548345016447
0.5436193267687942
0.5069933669999797
0.45293646432805273
0.3691339078820969
0.5106000287209704
0.5203260564692808
0.2918902714682946
0.6326095882380682
0.5953033411647383
0.4121173111276344
0.4057323730558184
0.5038552836780158
0.7575822905668589
0.45196652405974735
0.6108033580627468
0.6277239857194102
0.4927654378651828
0.5799244804415556
0.5245742616103528
0.3563256912489394
0.5916502743190845
0.7044665658259351
0.689976408477117
0.5411147057867957
0.741818279517587
-0.10861135200888444
0.3344390747734825
0.12563604698747288
0.520301427546051
0.7119735812977174
0.26015814973068446
0.3840336471437615
0.46347605664554437
0.5850652509769296
0.5296772370532675
0.5915551647432534
0.5940972523146373
0.8215660565195745
0.1847243721857546
0.08933879381775583
0.33970709921729364
-0.28157829331954903
0.7139451392751556
0.4915449943592979
0.4130556528649251
0.556362560164363
0.49248055012607617
0.4674819160536105
0.6040710958726468
0.7161004367136733
0.3968440417924532
0.36288175717873966
0.14458708564140896
0.6856634652172156
0.4284524430936698
0.7533437849650807
0.47361582584781375
0.47752190946446893
0.496110696614692
0.5003325368185895
0.22965146135954362
0.566402656564951
0.4747641452055007
-0.2624854026950537
0.5884090693792341
0.6072311588833862
0.8210451056950755
0.5126655861043323
0.7259026867976645
0.42590141187610614
0.5953427810309859
0.5350921121539552
0.348539489051832
0.74980078566816
0.39581551221092354
0.4681869652599938
0.7899299796648873
0.23410347034973783
0.05810772576215673
0.3745177673372439
0.35182739547527114
0.8056247879214556
0.6525463126850891
-0.019832682018053008
0.5293788054976066
0.7252787933675706
0.675323634103751
0.5969234072365608
0.3932216423499528
0.604308600043167
0.4737638915765721
0.7734968139680687
0.6421142318223224
0.44694712715321133
0.40025712388604046
0.18539715158565104
0.08356998882792047
0.37855162133375636
0.6157900415408959
0.6472152579255195
0.49017519161773854
0.6462745683259928
0.7013312095832204
0.7183737531084903
0.3982566763000095
0.5418549669379538
0.50024647557518
0.4365722380393252
0.5088869793060337
0.19326126679238514
0.702592628692627
0.5068722705062175
0.6206434313854858
0.5652619600783672
0.5954469830773933
0.5025217321472305
0.6450460605910023
0.6345218626039454
0.5703662741804949
0.750028110909997
0.284404735849897
0.4443640810472949
0.3675831403808976
0.4850201959611578
0.46980251229091735
0.16356706414774838
0.3683023778175375
0.5482219366819044
0.47300217194446986
0.46201330908444155
0.4911915755947977
0.7599459698813453
0.625282211915192
0.6507951987952637
0.7039225428270064
0.45941069067669743
0.4088265478767559
-0.0991608436001266
0.5629329109702885
0.7259712275602273
0.579857125465062
0.7314541203474593
-0.04953800839699436
0.3724510328477419
0.642474688209336
0.5417909871263099
0.41920424997255046
0.4737214200968237
-0.2896547806140958
-0.022863280119259626
0.4263487916344923
0.6349145056572532
0.5938741301301725
0.15636135239714663
0.45960644979884785
0.6481191270044365
0.28754242188704937
0.2564329294302341
0.5810046659969283
0.6573545264657121
0.7367224500801082
0.3996195514049113
0.44505682309168193
0.6262720809453277
0.37431730473033226
0.6271305735133011
0.5105683968405774
0.5999607236055139
0.5080136262032074
-0.22969419051208254
-0.603777516950018
0.46955665708825767
0.8276894595937073
0.4978851673643171
0.5801756090354191
0.42286738644759875
0.4539461307200837
0.6875409956563459
0.4267254400372693
0.49642063031671924
0.5267711209935716
0.6202476191014805
0.2618113538087318
0.1885596363179591
0.6408195843515226
0.6978012891966644
0.5562395904678668
0.5302531767577854
0.5724165900471615
0.29333334469283145
0.47160333613788674
0.59070406635018
-0.10598141542103205
0.5255675501560606
0.41101813158842715
-0.3982506335448427
0.5836987311701994
0.2722130662762448
0.4065003536824595
0.6310239238696191
0.5538416784389777
0.08486664437998233
0.4490769440569378
0.6192842660196232
0.4463023700753283
0.3722505016862743
0.5476926652542136
-0.1658502114892903
0.563151270422818
0.48676375006327616
0.3129457405811626
0.13330431372783405
0.5882938233278568
0.43989696584173615
0.44114799911153424
0.6307435961310861
0.4884465556640523
0.1666538821737347
0.5427215274938372
0.4792838447733138
0.6718051532281427
0.6920312776549259
0.2874016906051593
0.09018766111960991
0.2814012001680769
0.5512580246706289
0.5093439858397254
0.5497028961342517
0.48453563884073725
0.703930796543921
0.4707279073429944
0.3119906331185846
0.6493522888436345
0.3600350618729834
0.3673024018441551
0.4071616100111601
0.5920091748196719
0.6430443091575525
0.07667615922308398
0.5373242619706474
0.46202834218026306
0.6034998253611585
0.6521397797105328
0.45349490889934524
0.306198234119616
0.47502217347677983
0.23264949848281416
0.5425464902846792
-0.2339451656599218
0.6841177267366569
0.6551329942589977
0.769175521606769
0.6214055222022244
0.6306049348652701
0.6020829579685041
0.3911762628591293
0.42555534031282044
0.34981519108094866
0.661026083414931
0.3489508171842901
0.5366355058087318
0.4899055053380085
0.6412171519242188
0.32444773802341154
0.7710795657098576
0.5608537037069695
-0.4207918695464387
0.5411534920493734
0.5329511766771116
0.4530522851013304
0.7543968439186756
0.38663752208624863
0.37656657976192404
0.8042376974350581
0.48940753297430817
0.40487652677769564
0.6620594752138179
0.7461902038291074
0.2925935689407001
-0.07951146901685166
0.7129579112893742
-0.3831339806130531
0.46177626576738373
0.39683657776496745
0.4667276413563529
0.087673821960412
0.30790601806481616
-0.23317323599607367
0.4411184761223076
0.5076477787932566
0.5698489494655835
0.5192258734118435
0.45935205668427664
0.7023542863927361
0.7119669268270806
0.609041509658767
0.21681069128321928
0.35146923859064777
0.3151576416705354
0.043390869488338424
0.07331269918565769
0.36229981722379323
0.6986165508513744
0.4905122999792059
0.6781163851514268
-0.07743883559549737
0.1341551758375099
0.5209228107974232
0.5120911788999463
-0.07932232099473477
0.453799740592952
0.5062904107065078
0.3860387099594136
0.26634847706203196
0.4410764776439289
0.4963220764889585
0.45775168721464643
0.6442114287196641
0.5675545213082814
0.6188418834076335
0.46329177076175754
-0.5685191311694271
0.8134829495729502
0.6437690537897438
0.18206683464629644
0.40607396127812967
0.5872848582878232
0.07686560365342752
0.6135163656353256
0.5462108483397179
0.745416537766913
0.39917376550203426
0.5755394382016107
0.5022979822132029
0.4727680345557589
0.5875754608046869
0.15600714047523254
0.5553062040998705
0.5044514371331837
-0.26451198137809506
0.2512030858653364
-0.04632397481362386
0.29843578118379754
-0.42672088953918946
0.2564279130833072
0.43036166469537945
0.6860046806446692
0.7006859964460677
0.5083056634614103
0.3716828232652401
0.7109871616996918
0.549117978843439
0.40059694513786515
0.8177182186467367
0.5839047296420932
0.29330366250775763
0.3538170149796017
0.6094392092789582
0.3759651477515101
0.6267301585832398
0.5505239190261713
0.47995167593064686
0.671491435277395
0.11726831592712846
0.18327620809538242
0.538986133187145
0.5782026144574208
0.5910889277944333
0.6413453468699838
0.8332023896964527
0.5101839643697748
0.41547188689244074
0.7145917806356725
0.5524380932845111
0.9347369835135995
0.5045642575434899
0.6838012718227248
0.1079528032301146
0.4417088739580441
0.3663614230168455
0.7507237603868381
0.5386348065924552
0.2930203449773662
0.3803669336665057
0.3861893157222767
0.3818710773646027
0.7910752712193924
0.5583702945342767
0.43487538899791744
0.2262545849231205
0.4326915856649115
0.32822255980574655
0.693529608990317
0.5532179765252989
0.33664785530135466
0.5625491147867666
0.49733492883329744
0.692490919305948
-0.19861713854308857
0.4210208945716532
-0.19455080709839195
0.5830791335520674
0.574982716008406
0.45385967028962265
0.45930742182624434
0.5280270961898553
0.534394540775558
0.6232419429377138
0.2106598215918848
0.566935203444341
0.38542727672969246
0.6801953309910321
0.4865953799224886
0.3887862351581437
0.3951768898758398
0.5843411515220182
0.628746048866716
0.0618759543021766
0.643212504592049
0.08959556397847603
0.5584638238168689
0.5158800085762328
0.6436499325016951
0.32403361260222874
0.4776265321613343
0.5930630766410417
0.6163170096395426
0.42158101403554943
0.5546423803494539
0.5835750327009046
0.34337098332734245
0.28984813271219373
-0.18002185535777943
0.5750457262353229
0.1862530990401538
0.5455252195626658
0.5040918301673051
0.6481155300415351
0.5668290460861011
0.6268638759783137
0.4968045033663772
0.48162743982306744
0.5230202602951493
0.4506063783908028
0.6227447735474967
0.28394185600574645
0.4638808361676
-0.351551902849507
0.5226694784305058
0.6519385548587212
0.41809652887248683
0.4352084811735155
0.5067259467549234
0.5317582211213961
0.5323975753282286
0.6474502647420631
0.6387557314889952
0.32165734485934655
0.6839707418135897
0.4079847265637018
0.5795314125552004
0.3015545025616154
0.699543010472319
0.1372812221860057
0.26233557839079463
0.5279638201971945
0.5241133789888925
0.6804792148497959
0.854226335466947
0.5752513678896303
0.5787242749456933
0.7439416198637665
0.39740628192588046
0.642963912895757
0.677663132039733
0.7177973196471079
0.5023279947264071
0.8405475281847486
0.7912886040771362
0.5454991171297376
0.37114197837979945
0.4653247742879086
0.49390699359590795
0.541488400500652
0.5829361297032088
0.424314162337257
0.4035383478714425
0.5774209011295264
0.4350422076641095
0.4837378303604523
0.43605422469779714
0.4062705995038035
0.45604544256514606
0.6185476589884173
0.10561111976119078
0.37100531893211586
0.6657500617565688
0.5031021318098662
0.5741824979012681
0.5554953701354752
0.5767851473869665
0.1868752626166683
0.5591058566749957
0.7018771621701535
0.48654778502455853
0.2814061745421097
0.6398375577807596
0.8890844105293402
0.22800028536615158
0.3934344178649676
0.561746865156227
0.5265788748686394
0.2828696711874125
0.5830241690927156
0.5722574547010548
-0.21821139568540393
0.08626284891860697
0.6138385952840153
0.5687778813526843
0.5545319466467017
0.44106642243212374
0.6101128996963713
0.517101402193461
0.5238974674363508
0.3428123833903275
0.4677741244251145
-0.10189062058675265
0.5702501135405519
0.3404007133403357
0.7313454398687061
0.6470448193474543
0.1904276065647531
0.738183684759708
0.6340230290300047
0.38858410571556196
0.6457844984052431
0.5659235223226413
0.638777123431557
0.01866966771850506
0.5270559672488891
0.5056155679490705
0.8176505914393254
0.4741724750801481
0.7763636571272552
0.4190484974895597
0.6534538920967042
0.7223711019943853
0.3483017863939749
0.4751156336727956
0.2513009735989635
0.8265834179086858
0.5296427123508097
0.5184272540580114
0.7036529070385878
0.4313352998591737
0.6342805460262427
0.23766636773377603
0.2673867583195861
0.23639049932032072
0.3205953840409523
-0.001249206611207764
0.48431080801872906
0.5873762221082681
0.6123238132921235
0.694679249489163
0.3378468633848223
0.7155600863847599
-0.08442036793284792
0.55499785211491
0.1528571932899138
0.6256245364529147
0.407397776984988
0.7706692512241069
0.587374733923998
0.5431668158503816
0.6895382949926129
0.7121767072346807
0.4645855135797779
0.41045597505395887
0.5105933902473314
0.5103104916358179
0.5763541919525128
0.14342020694208152
0.4300136704020556
0.7676911615257509
0.5508512200517724
0.36195634581859576
0.6336457857121325
0.5501439165410579
0.6855010272407038
0.7084929698984996
0.572710463776584
0.48793141220570607
0.6362044704952161
0.4182988455684847
0.7096220531445838
0.4650803574259556
0.711832136346776
0.5442474792788456
0.5277202067871017
0.5861181533084986
-0.5117572096265652
0.6065390993745337
0.460319266760472
0.4122060037129952
0.26488510643889246
0.5890878849626632
0.7662825457761504
0.6727505322852082
0.3040469232238183
0.4237942649098559
0.6469232182906269
0.6360504640885214
0.5729259209601679
0.6236548451625907
0.744942539405282
0.5182939504863338
0.2546351798294721
0.2526209867143388
0.7040303947746248
0.678720101719866
0.13034912074714256
0.5432450783468051
0.609273080436739
0.6707871212614269
0.5076894279574893
0.0927122523100207
0.416194296577509
0.13052902846401848
0.6828502702734528
0.2751077416732991
0.5794928677282357
0.513233166205211
0.4724575064794989
0.7735434988304453
0.3747133273967449
0.4088641395450679
0.5407742858314136
0.36693259958663427
0.5351147242517967
-0.16789880186199532
0.36808133461786313
0.5175120322921052
0.41013960478893396
0.6496249793018227
0.7832974764591063
0.791818562197545
0.4620597514973832
0.7780683124857678
0.4390025392448136
0.7340443649125864
0.33102853635507373
0.6149316316359874
0.5438458820791799
0.5252559455491306
0.37267342321469155
0.4972616325156954
0.6134258056619072
0.4055007773889555
0.28062291549233687
0.6220304162944789
0.48491124003501235
0.7152220624688851
0.6241987139587657
0.33831774619192706
0.47145646683341913
0.4566368646321891
0.532863045703189
0.7535876560431634
0.5266160208814962
0.5545328306049413
0.5483831981054164
0.48323154439716454
0.7116944882503543
0.48537649363012864
0.12471485243558861
0.23858410485805742
0.010489280166460235
0.539409167968824
0.29526540711338994
0.6567416986393002
0.6680688927690561
0.5494949825504822
0.3343981065360944
0.4750067332970811
0.6441594455584422
0.6079438572800479
0.6052845978974881
0.6403478235879403
0.5123792892818891
0.16469482453930473
0.46239719110730626
0.603054814052712
0.6219349524799723
0.6789118647908602
0.3300599538747729
0.5038800662051405
0.5775849623796189
0.41204751563259534
0.49500559424231994
0.7106003364764873
0.4493782035284826
0.858777390282852
0.6359468433989117
0.45391748790908415
0.657144701319561
0.4800503582651895
0.45822254219295805
0.6141118945252099
0.32984400832885297
0.5981762177470598
0.8509305130315907
0.7581794568583323
0.5899846551220638
0.7148587755101857
0.33558023745987403
0.5938905604540066
0.7709560812953449
0.5580477464127883
0.741133652894623
0.5294016099702913
0.5938359600124801
0.6023294800019393
0.2987679594944978
0.7659729249229067
0.2715564592248884
0.625425339701382
0.5120874809104162
0.6564724887210256
0.6066213869511362
0.6984899751134482
0.5491831668715738
0.6182385493899504
-0.47934025192550367
0.032443325707870084
0.4057093575053617
0.32064660272400525
0.7554147112316516
0.4447700108179339
0.4650123638116602
0.6253744434456711
0.6694898066732188
-0.563787902362044
0.621018050594201
0.7156222815110529
0.6577713419896459
0.43961580684143514
0.5557476459467339
0.7172908168930959
0.3926467271165549
0.5827075817051893
0.5172587136754264
0.53968260607162
0.8051299889209145
0.658310137175504
0.022268990992658676
0.773230051959324
0.41309243462339107
0.5052695838875558
0.5934353238647517
0.23595892550749267
0.47309119316660053
0.5272509419415621
0.7431976028534463
0.3854364174685888
0.6618898454737068
0.3994278961116854
0.42949291924728267
0.7005735154490582
0.663599219104171
0.44810723359304566
0.41430803115046716
0.60861538892459
0.7246993717400911
0.6459075811648043
0.43707399302489874
0.6676747980703073
0.6619374395410126
0.5720852763198992
0.48847737817236225
0.6033796714817211
0.09573590309475659
0.5544066550209896
0.6859520279720114
0.6886276876151904
0.5341411969753748
0.6969079059161348
0.8010072763035262
0.7700576979094528
-0.11060257505818066
0.17385105917652832
0.8063736384322572
0.71120054474585
0.33214590970510127
0.3542689601731709
0.7186635116712501
0.8057382867164272
0.39103714903118036
0.4488657108654886
0.606813035922812
0.6520673367911365
0.7051246108024017
0.4891430206064136
0.5651234760376166
0.7364501771233161
0.7097064484131572
0.5160821123415029
0.4645165630233977
0.760427802405593
0.6059558593902465
0.4424781981720587
0.5013047235838629
0.7218742443333704
0.6409045119471355
0.6807856469608834
0.42802330202916744
0.6631879212272115
0.30900383484271093
0.5676993487395893
-0.05649510546850071
0.6949997551272619
0.5734014464142865
0.45557679621952224
0.4224567181913033
0.684193640606337
0.4457623507219989
0.4890191195902139
0.2729277787836922
0.702690481687787
0.5507436287980882
0.6634590294019312
0.34274725171510434
0.7036257427229774
0.3435910546244807
0.6957800973721546
0.423811420581137
0.48649389916896174
0.6465300238254403
0.42066348489976657
0.41102456006037347
0.630688843911744
-0.5496522362428674
0.5558070846859975
-0.36038393266595103
0.4243288851009796
0.6179153478335607
0.41416888324788065
0.502085646140219
0.5604608660199111
0.7531748920361984
0.47845038091183734
0.49192866551425585
0.7275378449724426
0.7753241332283928
0.44939961637679054
0.5439571611454003
0.36725177679741927
0.762569580199703
0.7080558644408801
0.43034195254188295
0.6078933236770401
0.6434118833739655
0.489771082125123
-0.02746586782227417
0.6951024213867985
0.7635554411574158
0.48484664229024405
0.6348895203962707
0.4354794770480013
0.7234991758323064
0.601327295174204
0.5880003277669277
0.49553884713298996
-0.3588687297252213
-0.3517573842316024
0.09869639906282719
0.6748050332442453
0.5605297708277603
0.1750653623854211
0.8020596740522494
0.5507599787622014
0.5513037951216893
-0.20286392006675147
0.47390054700229584
0.5506990790560037
0.8491824006640311
0.12881756107615866
0.10173525474214601
0.403577298103015
0.41665587978329643
0.15807649854733213
-0.19444237828295982
0.37889155367785426
0.48431601453383943
0.2633814956822838
0.05438695562960854
0.3469397527279113
0.8677349764144043
0.5868849138212859
0.7191353593318968
0.05330993267230184
0.4749015406411187
0.5304215000812055
0.3898524171591129
0.6373439426626966
0.20221172938194354
0.4426750702284663
0.3934518119534483
0.4093734395014013
0.036184809235051504
0.45374873545756655
0.5466623790686214
0.4227149471753761
0.5877339987281048
0.7979822687520457
0.7661449167644431
0.7953342750468547
0.3758411616240299
0.4480962916762721
0.4641847846589828
0.7272969989958199
0.5370486532449186
0.5914290090160276
0.3546876512768344
0.5407954844336359
0.48875333105743246
0.28010383041347026
0.08739535991613943
0.5716365022651329
0.35692306890402264
0.4003730845870087
0.6518752196841314
0.47947990549715847
0.6855684954590305
0.604844975541302
0.562493568885352
0.7464065584418835
0.3430932511768255
0.4017669857900879
0.30144101777296567
0.4047353191029484
0.5359693060491029
0.5439944011759152
0.5095644452819579
0.6299205843126388
-0.3240179736040976
0.5306914792066535
0.33369981284365
0.3584328586949259
0.42325369325127987
0.7744311888449222
0.5627382524670104
0.671814343721161
0.43144114935431144
0.5748336948627547
0.647553813575682
0.6120929487421221
0.48831702580782055
0.6106799951888622
0.621021852233038
0.48052784211789346
0.5567452231163109
0.6872929638784464
0.6242743754895088
0.5752038841286337
0.6199673739302111
0.5094336084825312
0.815474960007829
0.22990483070680517
0.4245734344688817
0.3710054672958327
-0.3714253971918581
0.49057726313885286
0.70645363214043
0.26352521711095656
0.46420627398850606
0.68573218670715
0.5653186659452442
0.5395371512891345
-0.5189806440022604
0.4498908884066006
0.44669692852163406
0.5189915610543732
0.5967701410467763
0.4517319011666304
0.2580897748564619
0.641984110049078
0.344008162709878
0.5238537030665696
0.17498114818608837
0.6655890540860206
0.4306468516749449
0.6314385565807399
0.5349768017158028
0.5059327774700346
0.5956663462426353
0.6320123787819364
0.6049145669162034
0.7500713487943423
0.5469640509172329
0.4566173256281752
0.2294001378394637
0.5020376906207609
0.5529380739623196
0.44501867565196246
0.6480288451099574
0.5202732967686914
0.4607914196989812
0.5370212742431218
0.7682081219923859
0.32021935704803234
0.4213494970015723
0.6483590774266087
0.6239541348831206
0.3659632667386082
0.3117477380027945
0.4995339681483963
0.511000503350288
0.4569223154948133
0.6114258844571385
0.7880076508837318
0.4436888978976586
0.38948425891823385
0.3002784488325218
0.6409205190109509
0.2405729647894317
0.5483177176885189
0.45090310864148025
0.8140161723570777
0.4400587165442351
0.4942031470041356
0.49719291972448953
0.5833142012453558
0.43233000643028696
0.48226168779838846
0.6370955178647117
0.2074197097880508
0.4640753793349727
0.6729917843711676
-0.19143379379407138
0.3255645304138347
0.3314203826866111
0.540480474160548
0.44549700820081023
0.5601588083047662
0.11109112131858621
0.7097413707250407
0.5144686624735891
0.4178089599614937
0.22492578776207753
0.7726435500197003
0.6525727289068342
0.4778984171319068
0.23288692566030234
0.5544449838672043
0.4481770392514601
0.48849940698567723
0.3617786386387774
0.45537435080815125
0.5274698539152256
0.4865205108855818
0.5456434876936562
0.6274272782963496
0.46875498571454804
0.5911281794897533
0.8443327371960639
0.6441306311977806
0.3875562493515823
0.7233331169254167
0.4248445955423271
0.5276803667181559
0.7777267462058142
0.4800504055996184
0.25901282071401643
0.2203272398768027
0.7444896499392701
0.4245633444479493
0.6551691848894715
0.5599765726594138
0.4962091741273193
0.5673523964446123
-0.015052534292220377
0.4707077958347271
-0.1411443275998868
0.5022354633938508
0.32990278919621135
0.7541303560267413
-0.19984069900761484
0.5625717534521993
0.34382966959259
0.6013903930475926
0.646369573227781
0.45941752549768133
0.6818424624485138
0.47267628141200035
0.43610652699986685
0.6222194706387202
-0.012308536173862253
0.11719730090660979
0.5385767176147082
0.4945969145305058
0.4226103486623859
0.457707223681794
0.5765833453177772
0.31108522919222253
0.5523266890122056
0.723062378244682
0.6648089386002622
0.7712663262720159
0.7913110591820743
0.44918242774534806
0.6358149439282946
0.6127615582741329
0.833914124263892
0.8118992226443659
0.6287961076503183
0.6887891352804448
0.7391333287912933
0.6999150161686868
0.18605028004192473
0.31217295404900797
0.44487052310094544
0.7019860885647616
0.26862864632214656
0.37236201445525274
0.5216810979259489
0.46103896128806
0.551315229666841
0.6258976836978916
0.28868064722063547
0.555245749756519
0.5282259400768282
0.36194901610128477
0.6026154838061639
0.5909844847199446
0.4277810623438851
0.8482559265580485
0.4858188651707524
0.17477421406488006
0.5093237623147894
0.379304208265363
0.16855415284453878
0.09360117421234412
0.5327715130766412
0.8157184628945816
0.5853991339348776
0.5969762569062765
0.4371258468012051
0.3708738709674514
0.8238514898734824
0.535763967486152
0.3037625757858916
0.5488988326425007
0.6779059449709598
0.548127901583493
0.6556508411754911
0.5519606859520005
0.7322006590072738
0.3969967817113546
0.7218271613770815
0.6346361546527327
0.711171852596045
0.18499698629349146
0.28639417577681975
0.1056124642460551
0.7056178232877577
0.7422107724768321
0.6257761650253466
0.4183348484493692
0.22274382745017132
0.38266080038480915
0.6377312214966605
0.6504778112247662
0.6206034926822536
-0.011853670393625065
0.638181731753564
0.07714679863814349
0.44120250870359723
0.33355865456383527
0.39419163393544426
0.19768700592564228
0.1254631710556841
0.6868333377081429
0.16641120685598376
0.3984637148703994
0.6129085397677899
0.5602111084549639
0.47290964943778113
0.5995296072705126
0.5154606553831804
0.6658209867324691
0.8676632216337523
0.1743669537716656
0.34939968411717987
0.6632274909478751
0.6237197282488697
0.5146277834992097
0.5560499117506214
0.46901654580691454
0.05811219001798806
0.33062072819692756
0.0415022738984966
0.44706356739408337
0.5280521800458944
0.8032866267312304
0.562013267343516
0.18533093149458255
0.4807346066895672
0.5799909628529953
0.470292743776949
0.1055564410117775
0.22036775393844985
0.29320799787761975
0.7037916732299112
0.5753482481177292
0.6677656678216761
0.44060612356662354
0.7598203488318233
0.3664597409072602
0.332218308960185
0.6179680697285049
0.42151153165879224
0.4924889382539588
0.6040360075800081
0.4214090955926738
0.3871345582058679
0.41222417592665533
0.5101883708953799
0.7025667034757069
-0.0513414690133683
0.5219847091471385
0.589405040638349
0.2633123949846689
0.3587997635946769
0.4059324646743143
0.6480256224216782
-0.0921610525268291
0.508269399195123
0.3398920743383966
0.6166469541730413
0.4530612449005909
0.16412751454257632
0.31608875369783396
0.7894935913810848
0.5958361571255164
0.7254943238025883
-0.3961071646564305
0.643506440038228
0.670464886146091
0.17740854694427582
0.20669557228414318
0.3047021826532878
0.5881162650622856
0.10918476026579262
0.39535307308655865
0.5000776500111906
0.6506528725644186
0.24309237085614827
0.8078043054147844
0.18992920515798067
0.5303949910381639
0.43712675032772347
0.6713542330934635
0.39014799674063727
0.5546881362703732
0.031463017919535624
0.6123754294638787
0.09647015093836252
0.5860483234223165
0.59706329875486
0.641789899979209
0.4932485174666792
0.5731940872343076
0.6985663053309141
0.48536230351760445
0.4062330991585302
0.4227782384282152
0.5375587254820993
0.5942347394180871
-0.05087295422966534
0.5573868098039105
0.3893498406961826
0.47771323088150475
0.35629244437808427
0.6092915602394033
0.7302672268895783
0.48483653940683014
0.43630328940742696
0.6137446743587394
0.7346243604837459
0.4404419957487511
0.5403770660422647
0.41026946738744885
0.7084807573972416
0.6181482909389318
0.15187153925027633
0.49885969455835555
0.3942087903464951
0.5895401060809453
0.3101336543119957
0.7699425758247415
0.7058380817213276
0.25474160113177785
0.6959363936533012
0.5892032361726457
0.7098287864281272
0.6616208874416307
0.4863625478804159
0.5982303923341343
0.7709025456641598
0.5727931490187248
0.6067348660433686
0.6281842490651764
0.6403738247529484
0.28834351331757335
0.6209091849611749
0.4611181222019284
0.286371925160625
0.361778136380751
0.44134980625077846
0.5561560828297566
0.0528955485041894
0.5064817066978827
0.73299224510821
0.30214309100925074
0.25118972721126426
0.4975555635547311
0.6297274625106802
0.47490394046470247
0.6865806864877453
0.5843524820455397
0.5320786952922296
0.7286159598596068
0.3617132873018557
-0.3342990414313616
0.2894518381984578
0.7008013546019665
0.42086090919831864
0.09332661141358527
0.3529634879076069
0.5924055912012738
0.4653859957129642
0.2948584852601817
0.44250781827981306
0.5166897946178018
0.8579288949114493
0.7616246745552763
0.46221638284630095
0.6113055706019257
0.229358692671571
-0.0051810064906299075
0.2565106116532311
0.5994444510051057
0.83024540266056
0.40450356081238925
0.6133914460315261
0.5860782256735455
0.7565945686255704
0.46732177637893985
0.704718742375979
0.665395277345063
-0.2263221483293408
0.172814828319222
0.3741570803031688
0.17586808530199127
0.6109401082271153
0.11289511293934586
0.47292751040227365
0.34236396032809685
0.7009309606900921
0.6111655072164696
0.3605973533042502
0.7348272472534266
0.6459903309065601
0.33247586194271717
0.527869099693267
0.5229986513842785
0.5614805534528337
0.06969808898983289
-0.18489199904299916
0.4810374587434919
0.556771357709297
-0.2534623082735689
0.6468750328188481
0.5883721175959177
0.4161604908246828
-0.014239443143862834
0.6391442331017076
0.5644688860752445
0.6869966084753731
0.6605119393193343
0.28841911368207723
0.6220454960888055
0.8477080674719463
0.6716801973303358
0.6154274527410543
0.5733432369367679
0.6554646991645332
0.4795914377675751
0.4647356717082631
0.530928062563254
-0.09802187877684969
0.2503843892039056
0.5279877897672337
0.683658483471958
0.6124907638040769
0.4704706462879684
0.7020660051989476
0.7110442069977494
0.4806233987150377
0.8132737277613573
0.18070839336231867
0.5969272909595364
0.4690260245753367
0.26132565400383206
0.5823759642535569
0.6121854831455862
0.32386791194574494
0.6809735316536512
0.35109153921607494
0.07460823632606536
0.4719269126535258
0.36855249069140145
0.477031967449798
0.5762269711350693
0.5397477586501175
0.36843480213789237
0.5292526191593913
0.4756777613519033
0.6310433044164185
-0.21532043950502155
0.511947757442237
0.41976615095424286
0.5641559264995115
0.47369733744873294
0.4914037475628669
0.8207498195061863
0.47674722281903104
0.5501011918980496
0.6525576478196391
0.3950767671701643
0.5148662546937168
0.48865540372904176
0.7430566704349768
0.44074890125858435
0.4142377859703715
0.5108320068750439
0.4386909997620826
0.6285510972007436
0.5137288025071958
0.5108019078105447
0.6639184800203083
0.5648368348244328
0.5777452345792368
0.35048395091103807
0.3944350696247515
0.38641053935538044
0.5877086094315899
0.554505079592952
0.798300420182817
0.6389141968352346
0.5042542767518338
0.011850022922878402
0.30309803706132765
0.5351603861267205
0.5522940094392396
0.7518638557195688
0.6467314607730938
0.5925401303842471
0.7670013336358076
0.4758042813804799
0.6336378161028354
-0.18493272607279335
0.6015889275488621
0.6075988072523493
0.7242564130422379
0.43864570782902446
0.5824787668179192
0.4773337674316101
0.45113406377592663
-0.21182997016882482
-0.14951964579196952
0.47991393492496387
0.46960564413949796
0.47534692651230137
0.45968221463839426
0.6420509968166274
0.7840381980920843
0.7171038420415001
0.5664519512144206
0.5460667806909825
0.5473713603857139
0.5635703715814622
0.5452094924385451
0.7435456624352699
0.7354950349848244
0.5678424013448781
0.036966135761213235
0.3581378480546588
0.45943644057090854
0.4778113596724406
0.4125638142080237
0.3829368883014939
0.50127709471894
0.557750884485002
0.2118913468020864
0.48927700255819073
0.48934349673441596
0.2312803030890424
0.5341335882180255
0.4974640480099564
0.7028143025440405
0.5455919957730164
0.5650492661362767
0.6764146716181872
0.5048266331059802
0.4215093818205442
0.9041507017848376
0.3832186641249978
0.43751193774720015
0.1526885887845026
0.7168467133023714
0.7341806314918473
0.7284998034702667
0.5706374577828615
0.6005220089390751
0.6781783748613772
0.7189192419244406
0.7191531220532246
0.6314215927449711
0.7619173395301553
0.6417042873325949
0.5491643749799254
0.4999943607139235
0.5251650361800116
0.6266820150966111
0.6345544953122009
0.41095907147310323
0.4879377114037829
0.5071887427525525
0.4064273797626484
0.6755346593934244
0.6837208917197933
0.5431578447604464
0.712723139308546
0.7205749031542519
-0.38628378175889905
0.6207222243446513
0.5074463848638001
0.661213187399603
0.6730345051174049
0.7764439964506399
0.0552786550846802
0.43477609567081155
0.3062013792716967
0.6527238444140462
0.5821147469255867
0.3765967021747061
0.5996863714070548
0.5109795233254578
0.7946505602373533
0.47427442612981024
0.10522452367077387
0.7441484717243473
0.4288129595160871
0.5627518089589856
0.5252877238882289
0.7015899477898949
0.5380340032442325
-0.26171254226046464
0.5806367121165087
0.6990859215221297
0.48454819070929456
0.8772332321377747
0.46908296203179617
0.14014532002309463
0.4676683309457967
0.269844030332996
0.49899394024679183
0.5094736044551925
0.4752698554431028
0.6401037034007389
0.30000114806239164
0.6215150231250678
0.5231273307371056
0.24677395780249559
0.5698365450768057
0.6080349221436635
0.5119378223574588
0.3137521441276634
0.5846786463911494
0.18659523714411885
0.44309827267636054
0.6014720224928349
0.3002086170644579
0.49687944022314523
0.5307027515035072
0.39835938854598174
0.7813702758920973
0.3652044941613165
0.8062005646631341
0.7936204072094187
0.6068395249840218
0.470096743883577
0.010240447264042999
0.5297737429283293
0.16272739709367937
0.6399766488007028
0.40812054718805757
0.2221523236249559
0.5500725948680667
0.5640740922031997
0.47458446835484114
0.4949115219151678
0.08020499599718856
0.7837641928460632
0.43457470522294334
0.621226350694178
-0.776513371388978
0.5584574005173426
-0.1882447718274477
0.5371830454728364
0.6668119396390044
0.6030933372086453
0.5261990762544049
0.48349773260377754
0.5197724711191755
0.49094702396508716
0.5360542439621998
0.38061150203882715
0.686233145189915
0.7802198997613301
0.754823397472712
0.5497131811755772
0.5147339307534277
0.32652018584597275
0.8088696621894822
0.3344157754290518
0.48301156252193433
0.00906120186293132
0.5832742923283799
0.5214052295837373
0.5833030007166436
0.5212327966095719
0.5974547678167524
0.7715711254905124
0.6711444256258442
-0.29060711885880913
0.3894382124704577
-0.2553755968160883
0.21586445775628396
0.7640925823908058
0.2918521575395193
0.3023009449068247
0.25666484570075854
0.5041476285056729
0.6578433242019034
0.4640683461611029
-0.016975452236040967
-0.03843942592470302
0.550175274994746
0.34410023466173034
0.29605938857889724
0.4255204713721571
0.4876389840680228
0.3433958324799581
-0.16071167835446795
0.46297171012104965
0.2842955928475562
0.5310202028614576
0.29940113341399244
0.7141563971984913
0.4599242923638826
0.12769259428752378
0.5972925048942095
0.0690490056005551
0.4621285058160579
-0.1493078870453794
0.7777864688728058
0.7711816896822735
0.6030673530015329
0.4788239521542075
0.5577937318456556
0.6685854767793812
-0.523829883278434
0.6821082345927946
0.47287958660521623
0.6063119708562382
0.6130975817402708
0.3254294355500304
0.3838181205698634
0.2857933246604738
0.4259265678623742
0.619631807169111
0.5978281122823051
0.42191532095811246
0.29969459050389907
0.4250280894912432
0.7320781978007627
0.5095072136174632
0.43784303382553147
0.6946860519695167
0.6260783561152362
0.4216135463997431
0.4754590250872513
0.635182730346244
0.34561902714755566
0.655009534632538
0.7759961069139326
0.497462025607926
0.7575257970691813
0.6045992713542091
0.5402598565986113
0.2981978443150866
0.4259645726438728
0.4594333722712117
0.4526310734440054
0.3897951016272638
0.5407518364837754
0.31815867535348824
0.5425442469431405
0.3367029463978252
0.22786373199631477
0.5092465169517464
0.39587939888944473
0.08138938393661797
0.22798212504077542
0.5834394344745272
0.17688292081817175
0.44801648280111894
0.5755749549613177
0.7691751654429368
0.5945464003433133
-0.2690024789111279
0.539368337297988
0.8174043446266924
0.33897332931367097
0.6005808687735504
0.6562867521215411
0.4236592322856875
0.18989937334033807
0.5212147203316859
0.651434083076801
0.5241124268816945
0.5708140639161574
0.5932298718520924
0.7411249885284741
0.46977691376432784
0.003537067558118733
0.66905083840077
0.8118238995538922
0.4287434342966057
0.3864150096323946
0.3402005124789769
0.4805271980485466
0.6095790988064566
0.3948823903506039
0.5002102874972949
0.510257999281155
0.4830839736972036
0.48316240533029636
0.1440130938202337
-0.29795597036912813
0.5115292204079492
0.4957870220090303
0.6127395891349525
0.672891146066977
0.5065036093913613
0.7458641001318286
0.30119413788108074
0.30523667287620204
0.6492866955616585
0.38947314886565554
0.5225213587375985
0.43787290822588126
0.5332583407404732
0.6107699726211263
0.3489925738964615
0.4407121566479082
0.5061165475894569
0.4830643609172053
0.27949490622673995
0.1855028733171732
0.6397645230920889
0.6227887338166024
0.61686165218112
0.6008389639668941
0.6266182552651711
-0.034164286264763165
0.021374893742740653
0.4506867404215506
0.654599007580436
0.7836760213366889
0.6176155422507466
0.618755630567722
0.2991543029733055
0.2853050547619489
0.4043328635069127
0.37925137103864276
0.5426796184116962
0.7245326797386454
0.49892168102679985
0.48031726368253375
0.5833199188650308
0.47422589720500186
0.8175278213101803
0.29419447142434957
0.5831358781739555
0.6550980036972027
0.6376892127511004
0.058770885881995374
0.25382414908470624
0.6226615596438438
0.6025054537110521
0.6159618305661367
0.0061065190188514
0.5478512229150829
0.8911443513863624
0.6898534192183278
0.42045279785168194
0.7490316904397587
0.512832723892213
0.4075031556928378
0.13088028689995027
0.33792372328518194
0.39108066760739435
0.6218663666233034
0.8287795197517437
0.4571698169707257
0.737384690018187
0.46108817646955197
0.2901836561953814
0.4070760439583278
0.5532322705063627
0.4698820805637191
0.5016614080635138
0.517302181745197
0.7212405087282947
0.3235895847712743
0.6300123836620988
0.49119408382125407
0.3957372706505063
0.70650957616049
0.5351950502936836
0.538494201585894
0.35918659896843697
0.4522666230265892
0.2659803960800927
0.37203682091010803
0.15452471232326848
0.4644121730640389
0.3895634481597778
0.7750706730409099
0.6739601910572538
0.3362704954935631
0.21976235538966457
0.4816684745511712
-0.08862633494483227
0.4981536109366611
0.5442671508652572
0.47790063502284974
0.1621260812422388
0.608414420199794
-0.07152338757034575
0.578430743057297
0.5865764140401878
0.6429032719032292
0.507359945287748
0.766292514565214
0.6611300279999607
0.46050300302662134
0.7926576988067003
0.5422040700488374
0.721677205207977
0.564019859703949
0.3307432260604354
0.4194009350908263
0.4996677220240564
0.6663516756891572
0.39557618943588135
-0.6519789709516525
0.43345999930694284
0.5310215444947783
0.42616285182978186
0.0927224980023572
0.49787616167557686
0.47358883647358574
0.7069267524972619
0.4004085186692622
0.7350639125815073
0.6389347844463362
0.41491575580779405
0.1622149310669408
0.5142825734886481
0.5882709975326783
0.42543560962038296
0.6482217853650208
0.5541423731995841
0.6183370005739117
0.4256374770401126
0.017019937069339228
0.5847462176523945
0.6812394278217548
0.7117035078384742
0.39176679787700175
0.26796658321359795
0.22488520767036985
0.22374966986473305
0.6912007748556058
0.5571582843728873
0.5846394727186751
0.36229307910980635
0.7253580614630258
0.6121897211764519
0.7528587191274887
0.003057089450800172
0.5404181351840135
0.28204621742482766
0.49223667452594205
0.47895919707267265
0.7949328418756102
0.7743771953682994
0.6323997506770703
0.07019536716861498
0.5580047343866356
0.4448592885050004
0.05328536641187877
0.3449281764281593
0.18551022504384693
0.3543615566464561
0.5303009582016326
-0.04568522830065314
0.5634655659371999
0.5862043821050062
-0.10683809799188856
0.4517462116726298
0.1825171471511945
0.6099560105855859
0.557787865469897
0.6031870506822563
0.20739694389302984
0.5397375613937814
0.6175857336394327
0.35767843443288644
0.4768720336162096
0.2594930508989983
-0.172059705708459
0.3954558647178871
0.7194101278599302
0.6037134951970421
0.489454822472517
0.33112893686233
0.5424041832881336
0.32396454018941323
0.25835456549637553
0.49223341914310875
0.5660973766472573
0.5781632656371565
0.3814386764293928
0.3661401802885508
-0.2449789108240462
-0.5843266491137498
0.5563446093334886
0.6063631993278685
0.5408334738302957
0.4150945317906023
0.5731944364048958
0.6066083618837845
0.574853755445171
0.4898704186696796
0.25974006973701946
0.545381685057041
0.5544110359725036
-0.5813686296435205
0.3296913329796855
0.64652788218815
0.785441560907098
0.47780994633537816
0.6263574952120592
0.5557264831544173
0.603616734112362
0.7037080318445155
0.7059364175799034
0.7006431078438436
0.341513806459508
0.5658578032902282
0.6763986299744472
0.5841521476732344
0.3781610782911454
0.7315676672443108
0.8058788209496554
0.35245198684750123
0.4820951849719286
0.7405706343188427
0.5746153912402455
0.4933176812519919
0.035869198447496226
0.6406513179493836
0.5241331175217991
0.3758946150563496
0.6152492522186267
0.5111821685739998
0.6130873827817581
0.5857407311310683
0.4578067819055863
0.6485138185155569
0.5219710300837568
0.22868171340294774
0.6562474667690766
0.6120417546686093
-0.3917995639323454
0.7394603524472312
0.705323032029772
0.42850377963518765
0.6737317772067065
0.39901086257505103
0.6214436948690133
0.2796764020214652
0.6215087063827264
0.6432051769116912
0.521470982187757
0.6554369950493133
0.6425361281474639
0.6682242200229045
0.5903782337664876
0.6639560297195161
0.27840043088971606
0.4408413395566441
0.6420681529245358
0.4970443374782025
0.7935832991544722
0.5892147667804013
0.2720569106111074
0.4032862301252885
0.2941620550190717
-0.09623136514397823
0.7067809022387963
0.6059303963266328
0.22546132920038872
0.31475462895465195
0.23843172104644803
0.4554529429377279
0.5131788337506229
0.30564333081603234
0.5251697355737053
0.45569755313253685
0.6297376377938985
0.10170454404810328
0.6613622270773116
0.5911797467311678
0.37580763236923254
0.5063001030613904
0.7991489107472596
0.43636403248261535
0.41391771566031355
0.3905612172151883
0.5068964753075685
0.47151069653065136
0.3212447600016652
0.6402140622047309
0.7169823351533543
0.4651574030523859
0.6810241054696309
0.603289579089975
0.5635947193981229
0.5201892057390213
0.5088842261395673
0.5785506768952159
0.2598391934495397
0.6092802254555985
0.6817305559326506
0.5538624705735903
0.40422403899274256
0.12001660393486334
0.20336445614219636
0.57123239795648
0.33464377459088795
0.3827330750395153
0.31682594431670735
0.5874568680812499
0.4471335582707127
0.5284041191345661
0.5802635135293019
0.1816232080351379
0.31364758836604795
0.608083564062321
-0.4046953314233551
0.6560199204603612
0.25078630410081626
0.39186114106503467
0.5031901760144445
0.6572932117620266
0.5578551682336919
0.45905502134785986
0.21348102793842608
0.5036715370973175
0.2619169751837735
0.674963537085536
0.5763791807865686
0.5408685138650067
0.40903446368155166
0.6503807978982211
0.4731151193252311
0.4344380481251046
-0.2229105699893304
0.6057309388114207
0.7222804293029795
0.6205304001089083
0.37930298018910463
0.47478883162610847
0.00964100151621407
0.5475328113573983
0.6299702984542533
0.6410669353767542
0.3854617325792005
0.5968781753421363
-0.02091635666387152
0.6397404692433668
0.39961946339102894
0.3676076837602446
0.5972411453694751
0.26679580174992523
0.41197742925842035
0.21259616712776594
0.7538507000114375
-0.09146433007791004
0.36461407444879546
0.6385456746249845
0.5439126849806087
0.5287738129984331
0.5793025401800183
0.4650745918657271
0.6793904801338958
0.21148446538145338
0.4244612239486708
0.46164329179276453
0.5989570519671346
0.5451506345311238
0.4870797834175161
0.5417812090524415
0.3771236845016825
0.7928993105385278
0.6094241140974809
0.37116419582605453
0.6558542772356507
0.6205619929599819
0.6360738507646752
0.6520366944729507
0.21000847114554483
0.5192463440771596
-0.4731890375470084
0.26598528652964454
0.5030893640865114
0.5398625222040877
0.6611027368289047
0.3121593337268126
0.7295140571831599
0.35704325318565044
0.28854680102656116
0.39027173025431416
0.6349172618085233
0.4262006016565261
0.6006968796800257
0.580109876707542
0.5743137230548713
-0.07252766025896698
0.21710463967580504
0.2727679543348716
0.6051113019354711
0.44404360194291237
0.46209570539260386
0.5771542501008479
0.6381928930632987
0.6103464876112336
0.6326896047159005
-0.12264967398544341
0.6228388446428537
0.043957754617951365
0.6199625782319665
0.6112836628522009
0.6092739832946205
0.3633418636540254
0.6575693564243993
0.3455113803131173
0.5850511689224458
0.8155086512145135
0.005388599768013102
0.4246178517871358
0.5143098473745814
0.4458631321141225
0.15934918346889562
0.5262750610257662
0.4220734073623551
0.8354624472646411
0.376105494963543
0.5093287259968569
0.6393396153139986
0.6892844344442356
0.6212207033874226
0.7380453580987743
0.7034173443454397
0.41176601502540483
0.5148626507162442
0.630174530182348
0.6017597921454505
0.6323151798239453
0.4782485292354691
0.6050096988046918
0.6708711297197477
0.33160027399578423
0.758492983138835
0.5091687443298273
0.6066725038162104
0.6911043566546351
0.4867964261278208
0.3080252773758386
0.5167023899533217
0.12242023340408935
0.22425560674336842
0.5012415498370077
0.6241980204094434
0.3264387362848217
0.5367439103632583
0.7314883585507218
0.500949973741641
0.7243107422332373
0.3946399631196608
0.6822523457010321
0.5155002436274448
-0.20513170870630454
0.40159055883574596
0.5084028711054605
0.6250609194668041
0.4338342533688297
0.6150043831204769
0.2984976666000257
0.7804171622819293
0.5427104077379402
0.6636280532730622
0.7635384764621348
0.44678428039442064
0.5033730068466695
0.5555283135677089
0.34304941847170933
0.2869942303823177
0.5669399337891978
0.40755180019501563
0.5441473294750192
0.5312725182979386
0.2897512579349193
0.5088555738696905
0.6260951843689498
0.3459264857456685
0.5118070723422729
0.5437385151412859
0.9021379394383355
0.2941874942096572
0.5810835806142859
0.7926058124360952
0.574153431768934
0.44684396972003565
0.5528848724241447
0.6307360608368572
0.6514192532403856
0.4693891016597542
0.6883940204517814
0.3245192257474519
0.35479734717895645
0.34065903790848756
-0.18959737024475282
0.6639442211342248
0.7751980430573876
0.20363820189936682
0.5436728435820346
0.7298506415675416
0.4679235185710721
0.3077152087413685
0.36157044801260363
0.5078515301093234
0.24648380209581808
0.17583080599149822
0.10526866206486198
0.6319752651518175
0.596107522819148
0.6098722960709664
0.6108606756568841
0.5151562362693475
0.6429723670286198
0.44285819502685436
0.8217792035770032
0.27080333769490894
0.49144129338981685
0.666278314198106
0.5172982720898723
0.3833291176158235
0.4292629632192738
0.33486932858852114
0.31730242311726375
0.5135170264860571
0.7087534617449297
0.583082900530982
0.7914780906993722
0.73791612448585
0.2999396195599957
0.33789109408060614
0.6495592673703972
0.650194171236188
0.43591297408904245
0.3934087991898079
0.19214778646955585
0.3960137172880722
0.6709115563062695
0.7319546144210632
0.6566779814512919
0.693681235144206
0.28089200077085485
0.6588737172418024
0.3306946292356953
0.6012510370428511
